混淆矩阵
62,3,0,0
1,36,2,0
0,2,45,4
0,0,0,45

==================================================

类别 '0' 的 ROC 曲线数据 (AUC = 0.9989)
FPR (假正例率)
0.00000000
0.00000000
0.00000000
0.00000000
0.00000000
0.00000000
0.00740741
0.00740741
0.02222222
0.02222222
0.02962963
0.02962963
1.00000000
TPR (真正例率)
0.00000000
0.01538462
0.04615385
0.07692308
0.13846154
0.92307692
0.92307692
0.96923077
0.96923077
0.98461538
0.98461538
1.00000000
1.00000000

==================================================

类别 '1' 的 ROC 曲线数据 (AUC = 0.9920)
FPR (假正例率)
0.00000000
0.00000000
0.00000000
0.00621118
0.00621118
0.01242236
0.01242236
0.01863354
0.01863354
0.06211180
0.06211180
0.08695652
0.08695652
1.00000000
TPR (真正例率)
0.00000000
0.02564103
0.71794872
0.71794872
0.76923077
0.76923077
0.87179487
0.87179487
0.92307692
0.92307692
0.97435897
0.97435897
1.00000000
1.00000000

==================================================

类别 '2' 的 ROC 曲线数据 (AUC = 0.9900)
FPR (假正例率)
0.00000000
0.00000000
0.00000000
0.00671141
0.00671141
0.01342282
0.01342282
0.04697987
0.04697987
0.05369128
0.05369128
0.08724832
0.08724832
0.14765101
0.14765101
1.00000000
TPR (真正例率)
0.00000000
0.01960784
0.66666667
0.66666667
0.78431373
0.78431373
0.90196078
0.90196078
0.92156863
0.92156863
0.96078431
0.96078431
0.98039216
0.98039216
1.00000000
1.00000000

==================================================

类别 '3' 的 ROC 曲线数据 (AUC = 0.9967)
FPR (假正例率)
0.00000000
0.00000000
0.00000000
0.00645161
0.00645161
0.01290323
0.01290323
0.02580645
0.02580645
1.00000000
TPR (真正例率)
0.00000000
0.06666667
0.80000000
0.80000000
0.86666667
0.86666667
0.91111111
0.91111111
1.00000000
1.00000000

==================================================

微平均 ROC 曲线数据 (AUC = 0.9947)
FPR (假正例率)
0.00000000
0.00000000
0.00000000
0.00000000
0.00000000
0.00000000
0.00166667
0.00166667
0.00500000
0.00500000
0.00666667
0.00666667
0.00833333
0.00833333
0.01166667
0.01166667
0.01333333
0.01333333
0.01666667
0.01666667
0.02000000
0.02000000
0.03833333
0.03833333
0.04333333
0.04333333
0.05166667
0.05166667
0.05333333
0.05333333
0.05833333
0.05833333
0.06666667
0.06666667
0.07166667
0.07166667
0.07333333
0.07333333
0.11666667
0.11666667
1.00000000
TPR (真正例率)
0.00000000
0.00500000
0.03000000
0.04500000
0.06500000
0.64000000
0.64000000
0.78500000
0.78500000
0.80500000
0.80500000
0.82500000
0.82500000
0.84500000
0.84500000
0.87000000
0.87000000
0.88500000
0.88500000
0.94000000
0.94000000
0.95000000
0.95000000
0.96000000
0.96000000
0.96500000
0.96500000
0.97000000
0.97000000
0.97500000
0.97500000
0.98000000
0.98000000
0.98500000
0.98500000
0.99000000
0.99000000
0.99500000
0.99500000
1.00000000
1.00000000

==================================================

