混淆矩阵
62,3,0,0
1,36,2,0
0,3,44,4
0,0,4,41

==================================================

类别 '0' 的 ROC 曲线数据 (AUC = 0.9994)
FPR (假正例率)
0.00000000
0.00000000
0.00000000
0.00740741
0.00740741
0.01481481
0.01481481
1.00000000
TPR (真正例率)
0.00000000
0.01538462
0.95384615
0.95384615
0.96923077
0.96923077
1.00000000
1.00000000

==================================================

类别 '1' 的 ROC 曲线数据 (AUC = 0.9896)
FPR (假正例率)
0.00000000
0.00000000
0.00000000
0.00621118
0.00621118
0.01242236
0.01242236
0.01863354
0.01863354
0.02484472
0.02484472
0.03105590
0.03105590
0.03726708
0.03726708
0.10559006
0.10559006
0.13043478
0.13043478
1.00000000
TPR (真正例率)
0.00000000
0.02564103
0.64102564
0.64102564
0.82051282
0.82051282
0.84615385
0.84615385
0.87179487
0.87179487
0.89743590
0.89743590
0.92307692
0.92307692
0.94871795
0.94871795
0.97435897
0.97435897
1.00000000
1.00000000

==================================================

类别 '2' 的 ROC 曲线数据 (AUC = 0.9824)
FPR (假正例率)
0.00000000
0.00000000
0.00000000
0.01342282
0.01342282
0.04026846
0.04026846
0.06040268
0.06040268
0.07382550
0.07382550
0.09395973
0.09395973
0.11409396
0.11409396
1.00000000
TPR (真正例率)
0.00000000
0.01960784
0.58823529
0.58823529
0.70588235
0.70588235
0.90196078
0.90196078
0.92156863
0.92156863
0.96078431
0.96078431
0.98039216
0.98039216
1.00000000
1.00000000

==================================================

类别 '3' 的 ROC 曲线数据 (AUC = 0.9948)
FPR (假正例率)
0.00000000
0.00000000
0.00000000
0.00645161
0.00645161
0.01290323
0.01290323
0.03870968
0.03870968
0.05161290
0.05161290
1.00000000
TPR (真正例率)
0.00000000
0.02222222
0.75555556
0.75555556
0.84444444
0.84444444
0.91111111
0.91111111
0.97777778
0.97777778
1.00000000
1.00000000

==================================================

微平均 ROC 曲线数据 (AUC = 0.9926)
FPR (假正例率)
0.00000000
0.00000000
0.00000000
0.00166667
0.00166667
0.00333333
0.00333333
0.00500000
0.00500000
0.00666667
0.00666667
0.01000000
0.01000000
0.01333333
0.01333333
0.01500000
0.01500000
0.02000000
0.02000000
0.02166667
0.02166667
0.02833333
0.02833333
0.03000000
0.03000000
0.04333333
0.04333333
0.05333333
0.05333333
0.05833333
0.05833333
0.06166667
0.06166667
0.08500000
0.08500000
0.08666667
0.08666667
0.09166667
0.09166667
0.09333333
0.09333333
1.00000000
0.00000000
0.00500000
0.72000000
0.72000000
0.73000000
0.73000000
0.74500000
0.74500000
0.75000000
0.75000000
0.81000000
0.81000000
0.82000000
0.82000000
0.82500000
0.82500000
0.84000000
0.84000000
0.87500000
0.87500000
0.91000000
0.91000000
0.91500000
0.91500000
0.93500000
0.93500000
0.94000000
0.94000000
0.95500000
0.95500000
0.96000000
0.96000000
0.98000000
0.98000000
0.98500000
0.98500000
0.99000000
0.99000000
0.99500000
0.99500000
1.00000000
1.00000000

==================================================

