混淆矩阵
64,1,0,0
2,36,1,0
0,7,34,10
0,0,0,45

==================================================

类别 '0' 的 ROC 曲线数据 (AUC = 0.9991)
FPR (假正例率)
0.00000000
0.00000000
0.00000000
0.01481481
0.01481481
0.02962963
0.02962963
1.00000000
TPR (真正例率)
0.00000000
0.01538462
0.95384615
0.95384615
0.98461538
0.98461538
1.00000000
1.00000000

==================================================

类别 '1' 的 ROC 曲线数据 (AUC = 0.9901)
FPR (假正例率)
0.00000000
0.00000000
0.00000000
0.00621118
0.00621118
0.01242236
0.01242236
0.04968944
0.04968944
0.06211180
0.06211180
0.08695652
0.08695652
1.00000000
TPR (真正例率)
0.00000000
0.02564103
0.58974359
0.58974359
0.64102564
0.64102564
0.89743590
0.89743590
0.94871795
0.94871795
0.97435897
0.97435897
1.00000000
1.00000000

==================================================

类别 '2' 的 ROC 曲线数据 (AUC = 0.9796)
FPR (假正例率)
0.00000000
0.00000000
0.00000000
0.00671141
0.00671141
0.01342282
0.01342282
0.02013423
0.02013423
0.02684564
0.02684564
0.03355705
0.03355705
0.04697987
0.04697987
0.06040268
0.06040268
0.09395973
0.09395973
0.15436242
0.15436242
0.16107383
0.16107383
0.24161074
0.24161074
1.00000000
TPR (真正例率)
0.00000000
0.01960784
0.62745098
0.62745098
0.64705882
0.64705882
0.70588235
0.70588235
0.74509804
0.74509804
0.86274510
0.86274510
0.88235294
0.88235294
0.90196078
0.90196078
0.92156863
0.92156863
0.94117647
0.94117647
0.96078431
0.96078431
0.98039216
0.98039216
1.00000000
1.00000000

==================================================

类别 '3' 的 ROC 曲线数据 (AUC = 0.9946)
FPR (假正例率)
0.00000000
0.00000000
0.00000000
0.00645161
0.00645161
0.01290323
0.01290323
0.01935484
0.01935484
0.03225806
0.03225806
0.03870968
0.03870968
1.00000000
TPR (真正例率)
0.00000000
0.02222222
0.73333333
0.73333333
0.82222222
0.82222222
0.84444444
0.84444444
0.91111111
0.91111111
0.93333333
0.93333333
1.00000000
1.00000000

==================================================

微平均 ROC 曲线数据 (AUC = 0.9840)
FPR (假正例率)
0.00000000
0.00000000
0.00000000
0.00166667
0.00166667
0.00333333
0.00333333
0.00500000
0.00500000
0.00666667
0.00666667
0.00833333
0.00833333
0.01000000
0.01000000
0.01166667
0.01166667
0.01500000
0.01500000
0.01666667
0.01666667
0.02000000
0.02000000
0.02166667
0.02166667
0.02666667
0.02666667
0.03166667
0.03166667
0.03500000
0.03500000
0.03666667
0.03666667
0.04000000
0.04000000
0.04166667
0.04166667
0.04833333
0.04833333
0.05000000
0.05000000
0.05166667
0.05166667
0.05833333
0.05833333
0.07000000
0.07000000
0.07166667
0.07166667
0.07333333
0.07333333
0.08833333
0.08833333
0.10000000
0.10000000
0.11000000
0.11000000
0.13500000
0.13500000
0.18500000
0.18500000
0.19833333
0.19833333
0.27000000
0.27000000
1.00000000
0.00000000
0.00500000
0.33500000
0.33500000
0.39500000
0.39500000
0.40500000
0.40500000
0.48500000
0.48500000
0.50000000
0.50000000
0.55000000
0.55000000
0.65500000
0.65500000
0.73000000
0.73000000
0.74000000
0.74000000
0.75500000
0.75500000
0.82500000
0.82500000
0.85000000
0.85000000
0.86500000
0.86500000
0.88000000
0.88000000
0.89000000
0.89000000
0.89500000
0.89500000
0.91500000
0.91500000
0.92000000
0.92000000
0.92500000
0.92500000
0.93000000
0.93000000
0.93500000
0.93500000
0.94000000
0.94000000
0.95500000
0.95500000
0.96000000
0.96000000
0.96500000
0.96500000
0.97000000
0.97000000
0.97500000
0.97500000
0.98000000
0.98000000
0.98500000
0.98500000
0.99000000
0.99000000
0.99500000
0.99500000
1.00000000
1.00000000

==================================================

