混淆矩阵
62,3,0,0
0,38,1,0
0,4,43,4
0,0,2,43

==================================================

类别 '0' 的 ROC 曲线数据 (AUC = 0.9998)
FPR (假正例率)
0.00000000
0.00000000
0.00000000
0.00740741
0.00740741
1.00000000
TPR (真正例率)
0.00000000
0.01538462
0.96923077
0.96923077
1.00000000
1.00000000

==================================================

类别 '1' 的 ROC 曲线数据 (AUC = 0.9946)
FPR (假正例率)
0.00000000
0.00000000
0.00000000
0.00621118
0.00621118
0.03105590
0.03105590
0.08695652
0.08695652
1.00000000
TPR (真正例率)
0.00000000
0.02564103
0.76923077
0.76923077
0.89743590
0.89743590
0.97435897
0.97435897
1.00000000
1.00000000

==================================================

类别 '2' 的 ROC 曲线数据 (AUC = 0.9884)
FPR (假正例率)
0.00000000
0.00000000
0.00000000
0.00671141
0.00671141
0.02013423
0.02013423
0.02684564
0.02684564
0.06040268
0.06040268
0.08724832
0.08724832
0.12080537
0.12080537
1.00000000
TPR (真正例率)
0.00000000
0.01960784
0.72549020
0.72549020
0.82352941
0.82352941
0.84313725
0.84313725
0.86274510
0.86274510
0.96078431
0.96078431
0.98039216
0.98039216
1.00000000
1.00000000

==================================================

类别 '3' 的 ROC 曲线数据 (AUC = 0.9954)
FPR (假正例率)
0.00000000
0.00000000
0.00000000
0.00645161
0.00645161
0.02580645
0.02580645
0.03225806
0.03225806
1.00000000
TPR (真正例率)
0.00000000
0.02222222
0.73333333
0.73333333
0.86666667
0.86666667
0.95555556
0.95555556
1.00000000
1.00000000

==================================================

微平均 ROC 曲线数据 (AUC = 0.9952)
FPR (假正例率)
0.00000000
0.00000000
0.00000000
0.00166667
0.00166667
0.00333333
0.00333333
0.00666667
0.00666667
0.00833333
0.00833333
0.01000000
0.01000000
0.01166667
0.01166667
0.01333333
0.01333333
0.01500000
0.01500000
0.01666667
0.01666667
0.01833333
0.01833333
0.02166667
0.02166667
0.02333333
0.02333333
0.02666667
0.02666667
0.03000000
0.03000000
0.03666667
0.03666667
0.04000000
0.04000000
0.04500000
0.04500000
0.04666667
0.04666667
0.05166667
0.05166667
0.07500000
0.07500000
0.10833333
0.10833333
1.00000000
TPR (真正例率)
0.00000000
0.00500000
0.63000000
0.63000000
0.81000000
0.81000000
0.85000000
0.85000000
0.86000000
0.86000000
0.87000000
0.87000000
0.87500000
0.87500000
0.88000000
0.88000000
0.88500000
0.88500000
0.89000000
0.89000000
0.91000000
0.91000000
0.91500000
0.91500000
0.92500000
0.92500000
0.93000000
0.93000000
0.94500000
0.94500000
0.95000000
0.95000000
0.96000000
0.96000000
0.97000000
0.97000000
0.97500000
0.97500000
0.98000000
0.98000000
0.99000000
0.99000000
0.99500000
0.99500000
1.00000000
1.00000000

==================================================

